19.4
10.5
5.33
4.64
1.68
10.3
8
1.99
0.86
13
13
7.5
30
20
30
4
9.88
7.1
3.88
2.53
0.54
1.64
0.468
0.8
0.169
3.835
0.026177516
0.144
2.4
0.016
0.0573
0.072
2.6
6.6
3
5.3
3.2
13.5
0.91
1.11
4.2
0.027
0.17
0.045
0.33
0.48
5.1
1.47
21.42
12.47
31
6.5
12
17
1.03
2.75
2.33
0.917
1.308
7.6
0.535
2.43
3.47
1.11
3.31
4.24
2.26
0.0383853
2.8
0.018
0.088
0.27
0.52
10.39
21.77
0.72
0.467
2.96
0.023345814
0.0264
0.215838656
0.84
28.5
11
6.05
15
10
3
0.020325331
0.032092628
0.0265
0.02611459
0.020136551
0.022961538
0.100682755
0.040902369
3.37
1.8
2
2.3
0.043734072
0.022
0.031148727
0.01667
0.14
0.0737
4
0.0176
0.0119
0.01604
0.0085
0.0085
0.0145
0.037
4.95
3
0.014
0.036
0.013843879
0.027365121
0.689047604
0.01573168
0.9
0.77
21.5
17
11
0.0334
0.02285
0.06945
0.016832898
0.82
0.05
0.017
0.0061
0.328
0.03
0.058
0.06796086
4.01
1.927
0.637
0.017
0.039
0.525
0.082434006
0.210489885
0.85
14.28
2.2
1.946
4.193
0.534
1.4
0.196960639
0.292
8.74
7.246
4.063
2.147
2.09
0.685
0.567
0.058521851
0.66
0.626
0.778
0.591
0.711
2.171
0.941
0.763
3.328
1.054
1.832
1.169
0.267
0.599
0.68
0.615
0.8
0.975
0.66
0.392
1.6
0.892
0.493
2
1.73
1.06
0.76
1.057
1.741
1.34
0.67
1.855
1.345
1.071
1.323
0.237
0.319
1.7
1.16
0.041217
0.03696945
0.07897304
0.07519743
0.06733159
0.202624
0.3
0.172
0.45
5.9
2.6
5.9
0.05
0.96
0.098
0.367
0.186
6.3
7.56
11
0.93
9.61
11
6.38
0.21
0.261
2.6
1.36
1.018
0.77
0.054
0.076
0.28
11.09
6.8
2.83
0.27
0.71
1.24
1.19
0.48
0.84
10.98
1
3.44
0.82
2.1
2.06
0.178
0.2
2.13
0.622
0.079
6.54
4.5
1.22
3.71
0.042
3
0.058
7.2
0.224
2.3
1.57
0.38
2.18
3.21
1.6
1.02
2.2
14
5.61
1.49
0.0351
0.1507
0.0292
0.0382
0.121
1.59
0.82
0.0166
0.0358
0.03
2
0.223
0.0325
0.036
0.865
5.13
1.88
9.76
0.46
1.36
1.22
0.69
9.7
1.25
5.3
5.1
1.9
1.62
3.12
5.76
2.9
0.0239
0.0186
2.12
6.56
1.21
0.85
0.96
0.356
1.36
3.1
0.168
2.71
3
1.5
2.73
0.0193
1
5.02
2.24
2.58
0.85
0.82
9.71
0.74
0.0131
0.12
1.8
1.13
1.9
2.1
0.73
0.215
4.4
14.4
0.77
2.29
0.069
0.48
2.7
0.36
3.53
1.6
7.659
17.193
0.23
6.1
2.88
4.04
0.67
4.6
1.98
2.6
3.191
2.7
7.8
0.61
1.5
1.49
0.15
6.292
0.08
0.95
22
1.6
3.3
0.0238
0.64
0.54
0.37
3.67
3.82
0.94
0.75
0.52
1.99
2.7
1.26
0.0316
1.138
1.502
0.057
1.9
3.1
0.733
0.075
2.5
3.7
2.83
6.9
2.98
0.79
1.68
0.0378
0.0422
1.85
0.895
17.4
2.44
1.07
4.9
3.55
0.054
1.68
0.266
1.37
2.2
0.0379
0.0496
1.9
0.56
0.73
0.0085
0.0076
0.015
0.413
9.9
1.99
0.714
1.23
1.9
19.2
0.45
2.3
4.5
0.0087
0.0097
0.101
0.246
0.02
0.33
1.26
1.82
0.65
0.0322
0.06472
1.33
2.49
13
0.21
10.39
1
0.066
11.1
1.06
1.45
3.09
1.9
7.75
0.71
13.65
2.5
1.5
1.08
6.575
8.1
6.9
5.3
4.01
0.95
0.48
1.35
1.45
0.62
5.7
1.16
32
0.917
1.7
2.54
1.6
7.7
1.29
1.8
0.5
0.0363
0.0498
0.0519
3.04
0.62
1.3
0.33
9.1
0.79
0.2
0.09
0.675
0.652
0.696
2.813
3.366
0.34
0.78
17.7
10.7
0.0961
10.3
0.0117
0.0187
0.0162
0.0126
0.0208
0.0299
0.011
0.0164
0.0223
3.28
2.54
18.4
1.56
1.82
2.17
0.8
0.0405
2.3
0.6
2.49
0.58
0.04
1.79
0.1872
0.6579
0.47
0.249
0.07167
0.35061
5
7
1.16
0.115
1.71
5.16
0.0413
0.0565
1.05
0.35
1.94
1.4
7.6
5.25
3.15
7.46
2.9
0.38
0.64
0.39
1.26
0.17
6
2.82
1.56
1.9
0.033
0.038
0.058
6.1
2
0.29
3.15
1.87
3.06
2.9
2.5
1.15
1.88
8.03
1.11
2
0.42
2.51
0.197
0.5
0.029
1.34
3.94
6.86
2.7
1.3
4.8
4.78
0.29
0.4
0.68
0.132
0.2
0.011
2.11
1.5
1.5
7
14.2
12.1
0.22
2
7.2
3.2
0.057
3.86
0.9
0.37
0.0263
0.0318
0.7
1.82
4.5
1.2
0.62
0.9
4
0.68
0.0284
0.04
0.023754837
1.8
6.8
0.502
0.109
0.36
1.4
30
8.2
0.35
3.88
1.28
0.57
1.44
15.04
0.298
0.036
0.41
0.527
9.18
9
8.82
20
23.04
2.1
1.068
16
2.37
2.37
2.26
7
10
10
9
5.9
14.3
27.38
1.486
1.418
0.43




3










0.64
1.45

0.001
2.9
0.002705849

0.023912154
0.62
0.022024353
0.009439008
0.012585344
0.015102413
0.022024353
0.010477299
0.054116981












0.005978039
0.009124375
0.022968253
0.025163329
0.006292672
0.95






0.022024353
0.125853444
0.0151










0.431





















0.0941
0.104


6.5















0.012050467
0.003177799


8.4











0.108
0.234









0.66






















0.333
























2.45



















0.00535
0.0198





0.021615329
0.054116981
0.051285278
























0.064























0.02658654
0.049397477
0.06
0.0097
0.045

























0.033























0.11
































0.8
2.7





















0.626
0.056


1.6
1.6
























0.030204826
0.077399868
0.282855615




























0.38
0.375
























9.11
13.8















0.045
0.044
0.28
0.21



0.171
0.13
1.51
1.36






0.204
0.192

















0.4
0.3






























0.036
2.01
0.073












0.0356
0.0192





0.0079
0.0038





4.7























4.1
0.5



















0.069
0.1

































0.219928893























0.126797344

0.0176
0.048





















0.014032659
0.0254149











































0.008746814
0.031463361
0.0383853
0.38




















18












0.22
0.053







0.082434006
2.2














0.49

0.939
0.210804518
1.1
2.5
7.3
0.009
0.006
0.003

3.23
1.02
0.505
6
0.376


0.012396564
0.04596797
0.024950445
2.067142812




2.114
0.1
0.11
0.006607306
0.012585344
8.7
10.41

18.41
15.75









0.07
0.569
3.3
18.86
6.95
1.39
2.19

2.05
1.37
0.669
0.25
0.56
0.68

0.028
0.0126
0.044
0.113
0.11
0.084951074
0.006292672
0.31
0.31
0.023880691
0.015
0.947
0.433
0.014
0.0021
0.68
9.9
1.96
0.43
0.005317308
0.034285
0.018558
0.018872
0.0129
0.603
0.0465
0.059
1.02
0.0201
0.027373124
0.625491615
0.033
0.049
0.164
0.041
0.141899758
0.097536419
0.016518264
0.73
0.189
0.0179
0.011956077
6
0.01
0.9
0.23
4.1
0.0327
0.157
2.6
0.029
1.5
0.05663405
4.8
7.8
0.188780165
3.7
10.6
19.8
6.91
2.28
2.3
4.6
3.5
0.04
0.017
0.727
0.271
0.0694
0.137
7.5
0.96
9.4
0.11
0.68
1.85
2.73
13.6
0.005222918
0.68
0.54
1.24
1.17
1.06
0.75
1.3
4.34
2.6
8.48
21
0.53
2.31
7.00E-05
0.013
0.012
1
2.5
7.5
0.54
1.844
1.09
2.487
16
10
4.2
8.5
1.54
13
3.8
9.7
0.761
1.253
1.91
0.917
1.778
47
20
26
14
7.7
3.2
0.86
3.16
2.03
0.5
1.49
1.272
1.925
0.46
0.2755
1.404
0.485
7.341
0.542
0.855
0.486
10.43
1.114
0.847
0.313
0.3
0.588
0.884
1.071
0.58
1.028
0.907
0.242897146
2.06
0.478
3.6
4.59
0.59
0.72
2.279
1.8
2.712
0.28
1.237
0.92
0.5
2.034
0.889
1.007
2.101
1.14
0.98
0.378
1.637
1.437
0.46
2.5
0.6
0.57
0.6
0.8
0.89
0.7
0.503
0.5
2.06
0.57
0.38
1.2
1.55
2.32
0.42
0.95
0.3
0.96
0.6
2.258
1.461
1.88
1.07
0.92
1.76
1.16
0.9
2.244
0.554
1.24
0.694
0.9686
0.56
0.63
1.13
0.48
1.32
0.83
2.78
8
10
22
13
4.01
1.12
0.9
0.62
0.259
1.37
11.79
1.72
1.077
0.34
0.4
1.8
0.0036
7.8
7
6.1
6.7
1.55
7.6
2.55
3.32
8.78
1.85
12.8
1.6
2.8
1.676
0.03321
0.5219
1.814
2.4
24
27
1.7
1.5
4.1
6.5
5.9
20.6
0.62
1.8
10.19
1.059
